tensor([[[0.4911, 0.4532, 0.7237,  ..., 0.5403, 0.5303, 0.4688],
         [0.5027, 0.2114, 0.4911,  ..., 0.2268, 0.4674, 0.3448],
         [0.4987, 0.2335, 0.4731,  ..., 0.4754, 0.4030, 0.3987],
         ...,
         [0.5858, 0.2222, 0.1858,  ..., 0.2834, 0.5079, 0.5857],
         [0.4615, 0.2307, 0.4943,  ..., 0.4400, 0.4273, 0.3846],
         [0.4186, 0.2898, 0.3657,  ..., 0.2197, 0.4479, 0.4527]],

        [[0.5096, 0.3998, 0.6751,  ..., 0.5786, 0.6405, 0.3831],
         [0.4932, 0.1650, 0.4614,  ..., 0.3039, 0.6329, 0.5433],
         [0.5986, 0.2073, 0.4699,  ..., 0.4141, 0.5070, 0.4002],
         ...,
         [0.5448, 0.0462, 0.1343,  ..., 0.3624, 0.8070, 0.7041],
         [0.6103, 0.0878, 0.4561,  ..., 0.4342, 0.5450, 0.7068],
         [0.3441, 0.0744, 0.2069,  ..., 0.2818, 0.4763, 0.4740]],

        [[0.4484, 0.4147, 0.6538,  ..., 0.6195, 0.7406, 0.3612],
         [0.4506, 0.1739, 0.3934,  ..., 0.1224, 0.6712, 0.6331],
         [0.6420, 0.2712, 0.4878,  ..., 0.2841, 0.2620, 0.3794],
         ...,
         [0.6423, 0.1212, 0.1986,  ..., 0.0986, 0.3500, 0.3584],
         [0.4866, 0.2118, 0.5168,  ..., 0.3197, 0.2744, 0.4379],
         [0.4463, 0.2768, 0.3385,  ..., 0.3181, 0.4888, 0.3295]],

        [[0.5036, 0.5997, 0.6145,  ..., 0.5672, 0.6631, 0.3764],
         [0.4910, 0.3052, 0.4340,  ..., 0.1932, 0.5906, 0.5645],
         [0.6216, 0.4485, 0.7700,  ..., 0.4275, 0.3588, 0.4064],
         ...,
         [0.5081, 0.0412, 0.0824,  ..., 0.6333, 0.5555, 0.5128],
         [0.5772, 0.2558, 0.6210,  ..., 0.4323, 0.5000, 0.6356],
         [0.4092, 0.1603, 0.2012,  ..., 0.2511, 0.3130, 0.4698]],

        [[0.5294, 0.8062, 0.9597,  ..., 0.6553, 0.6002, 0.3056],
         [0.8316, 0.1572, 0.1108,  ..., 0.1082, 0.6525, 0.4962],
         [0.9035, 0.6231, 0.4031,  ..., 0.4509, 0.2991, 0.2838],
         ...,
         [0.5925, 0.1361, 0.3801,  ..., 0.1195, 0.4173, 0.5441],
         [0.5831, 0.1528, 0.3906,  ..., 0.4102, 0.3790, 0.5452],
         [0.5463, 0.2552, 0.2322,  ..., 0.3322, 0.4703, 0.3411]],

        [[0.4545, 0.4163, 0.6207,  ..., 0.5481, 0.4909, 0.2289],
         [0.4388, 0.1821, 0.4056,  ..., 0.3021, 0.4681, 0.3983],
         [0.6450, 0.2806, 0.4587,  ..., 0.4648, 0.4441, 0.2088],
         ...,
         [0.4967, 0.1321, 0.2573,  ..., 0.0754, 0.3136, 0.3150],
         [0.5034, 0.2687, 0.4530,  ..., 0.0817, 0.3290, 0.1980],
         [0.4044, 0.2062, 0.2624,  ..., 0.1457, 0.3316, 0.3560]]],
       grad_fn=<ToCopyBackward0>)tensor([[[0., 0., 0.,  ..., 0., 0., 0.],
         [0., 0., 0.,  ..., 0., 0., 0.],
         [0., 0., 0.,  ..., 0., 0., 0.],
         ...,
         [0., 0., 0.,  ..., 0., 0., 0.],
         [0., 0., 0.,  ..., 0., 0., 0.],
         [0., 0., 0.,  ..., 0., 0., 0.]],

        [[0., 0., 0.,  ..., 0., 0., 0.],
         [0., 0., 0.,  ..., 0., 0., 0.],
         [0., 0., 0.,  ..., 0., 0., 0.],
         ...,
         [0., 0., 0.,  ..., 0., 0., 0.],
         [0., 0., 0.,  ..., 0., 0., 0.],
         [0., 0., 0.,  ..., 0., 0., 0.]],

        [[0., 0., 0.,  ..., 0., 0., 0.],
         [0., 0., 0.,  ..., 0., 0., 0.],
         [0., 0., 0.,  ..., 0., 0., 0.],
         ...,
         [0., 0., 0.,  ..., 0., 0., 0.],
         [0., 0., 0.,  ..., 0., 0., 0.],
         [0., 0., 0.,  ..., 0., 0., 0.]],

        [[0., 0., 0.,  ..., 0., 0., 0.],
         [0., 0., 0.,  ..., 0., 0., 0.],
         [0., 0., 0.,  ..., 0., 0., 0.],
         ...,
         [0., 0., 0.,  ..., 0., 0., 0.],
         [0., 0., 0.,  ..., 0., 0., 0.],
         [0., 0., 0.,  ..., 0., 0., 0.]],

        [[0., 0., 0.,  ..., 0., 0., 0.],
         [0., 0., 0.,  ..., 0., 0., 0.],
         [0., 0., 0.,  ..., 0., 0., 0.],
         ...,
         [0., 0., 0.,  ..., 0., 0., 0.],
         [0., 0., 0.,  ..., 0., 0., 0.],
         [0., 0., 0.,  ..., 0., 0., 0.]],

        [[0., 0., 0.,  ..., 0., 0., 0.],
         [0., 0., 0.,  ..., 0., 0., 0.],
         [0., 0., 0.,  ..., 0., 0., 0.],
         ...,
         [0., 0., 0.,  ..., 0., 0., 0.],
         [0., 0., 0.,  ..., 0., 0., 0.],
         [0., 0., 0.,  ..., 0., 0., 0.]]])tensor([[[0.7343, 0.6752, 0.7209,  ..., 0.5706, 0.6296, 0.3054],
         [0.8888, 0.1986, 0.1102,  ..., 0.3028, 0.5653, 0.4828],
         [0.8502, 0.5308, 0.3447,  ..., 0.5474, 0.2989, 0.2932],
         ...,
         [0.3084, 0.0275, 0.1250,  ..., 0.2811, 0.4183, 0.4647],
         [0.6543, 0.1401, 0.3029,  ..., 0.3416, 0.3590, 0.4304],
         [0.3998, 0.2511, 0.3795,  ..., 0.2427, 0.3251, 0.2982]],

        [[0.4826, 0.4801, 0.7312,  ..., 0.5678, 0.6812, 0.3500],
         [0.5448, 0.2313, 0.5002,  ..., 0.2739, 0.5732, 0.5613],
         [0.5690, 0.2575, 0.4369,  ..., 0.5529, 0.3945, 0.3604],
         ...,
         [0.5066, 0.2387, 0.2828,  ..., 0.2319, 0.3126, 0.3614],
         [0.3720, 0.2058, 0.4056,  ..., 0.2930, 0.3082, 0.3442],
         [0.4531, 0.3364, 0.4644,  ..., 0.2317, 0.2738, 0.2549]],

        [[0.4766, 0.5069, 0.7422,  ..., 0.3753, 0.1499, 0.0749],
         [0.5513, 0.3191, 0.5901,  ..., 0.1971, 0.3358, 0.3029],
         [0.4074, 0.1895, 0.4845,  ..., 0.2970, 0.2013, 0.1312],
         ...,
         [0.5946, 0.2997, 0.3648,  ..., 0.3267, 0.5685, 0.4276],
         [0.4073, 0.2800, 0.4402,  ..., 0.3199, 0.3323, 0.4115],
         [0.4133, 0.3519, 0.3908,  ..., 0.1742, 0.5144, 0.4181]],

        [[0.4478, 0.9282, 0.8737,  ..., 0.6062, 0.3192, 0.1497],
         [0.6945, 0.2077, 0.3001,  ..., 0.1466, 0.4538, 0.3734],
         [0.8428, 0.8166, 0.2268,  ..., 0.3288, 0.1307, 0.0913],
         ...,
         [0.6262, 0.3213, 0.4745,  ..., 0.3556, 0.4432, 0.4537],
         [0.4775, 0.3097, 0.4122,  ..., 0.3381, 0.3267, 0.4572],
         [0.4351, 0.3553, 0.3804,  ..., 0.2891, 0.3163, 0.3313]],

        [[0.4958, 0.4955, 0.7202,  ..., 0.3864, 0.1318, 0.0780],
         [0.5587, 0.2735, 0.5528,  ..., 0.1809, 0.2212, 0.0783],
         [0.4449, 0.2194, 0.4661,  ..., 0.1952, 0.3134, 0.2767],
         ...,
         [0.6671, 0.2497, 0.3012,  ..., 0.0151, 0.2630, 0.2004],
         [0.4808, 0.2300, 0.3785,  ..., 0.0552, 0.1590, 0.2217],
         [0.4629, 0.3438, 0.3030,  ..., 0.1268, 0.3973, 0.4576]],

        [[0.4633, 0.4812, 0.7328,  ..., 0.5704, 0.6746, 0.3439],
         [0.5341, 0.2340, 0.5295,  ..., 0.2714, 0.5681, 0.5633],
         [0.5406, 0.2248, 0.4313,  ..., 0.5574, 0.4150, 0.3777],
         ...,
         [0.4927, 0.2562, 0.2819,  ..., 0.2305, 0.3255, 0.3542],
         [0.3572, 0.1990, 0.3854,  ..., 0.2891, 0.3231, 0.3464],
         [0.4532, 0.3397, 0.4522,  ..., 0.2370, 0.2861, 0.2674]]],
       grad_fn=<ToCopyBackward0>)tensor([[[0., 0., 0.,  ..., 0., 0., 0.],
         [0., 0., 0.,  ..., 0., 0., 0.],
         [0., 0., 0.,  ..., 0., 0., 0.],
         ...,
         [0., 0., 0.,  ..., 0., 0., 0.],
         [0., 0., 0.,  ..., 0., 0., 0.],
         [0., 0., 0.,  ..., 0., 0., 0.]],

        [[0., 0., 0.,  ..., 0., 0., 0.],
         [0., 0., 0.,  ..., 0., 0., 0.],
         [0., 0., 0.,  ..., 0., 0., 0.],
         ...,
         [0., 0., 0.,  ..., 0., 0., 0.],
         [0., 0., 0.,  ..., 0., 0., 0.],
         [0., 0., 0.,  ..., 0., 0., 0.]],

        [[0., 0., 0.,  ..., 0., 0., 0.],
         [0., 0., 0.,  ..., 0., 0., 0.],
         [0., 0., 0.,  ..., 0., 0., 0.],
         ...,
         [0., 0., 0.,  ..., 0., 0., 0.],
         [0., 0., 0.,  ..., 0., 0., 0.],
         [0., 0., 0.,  ..., 0., 0., 0.]],

        [[0., 0., 0.,  ..., 0., 0., 0.],
         [0., 0., 0.,  ..., 0., 0., 0.],
         [0., 0., 0.,  ..., 0., 0., 0.],
         ...,
         [0., 0., 0.,  ..., 0., 0., 0.],
         [0., 0., 0.,  ..., 0., 0., 0.],
         [0., 0., 0.,  ..., 0., 0., 0.]],

        [[0., 0., 0.,  ..., 0., 0., 0.],
         [0., 0., 0.,  ..., 0., 0., 0.],
         [0., 0., 0.,  ..., 0., 0., 0.],
         ...,
         [0., 0., 0.,  ..., 0., 0., 0.],
         [0., 0., 0.,  ..., 0., 0., 0.],
         [0., 0., 0.,  ..., 0., 0., 0.]],

        [[0., 0., 0.,  ..., 0., 0., 0.],
         [0., 0., 0.,  ..., 0., 0., 0.],
         [0., 0., 0.,  ..., 0., 0., 0.],
         ...,
         [0., 0., 0.,  ..., 0., 0., 0.],
         [0., 0., 0.,  ..., 0., 0., 0.],
         [0., 0., 0.,  ..., 0., 0., 0.]]])tensor([[[0.5795, 0.3922, 0.4900,  ..., 0.5014, 0.6827, 0.4215],
         [0.5067, 0.1042, 0.1057,  ..., 0.2861, 0.5932, 0.6762],
         [0.5992, 0.1205, 0.1978,  ..., 0.4008, 0.2878, 0.3429],
         ...,
         [0.2371, 0.0050, 0.0234,  ..., 0.1028, 0.3326, 0.4273],
         [0.7932, 0.2322, 0.2793,  ..., 0.3903, 0.3108, 0.3062],
         [0.2615, 0.2035, 0.4950,  ..., 0.3313, 0.3635, 0.2520]],

        [[0.4011, 0.6872, 0.7686,  ..., 0.6147, 0.6437, 0.3684],
         [0.3435, 0.2915, 0.6014,  ..., 0.1636, 0.5887, 0.5515],
         [0.7430, 0.6725, 0.5306,  ..., 0.2274, 0.3717, 0.3273],
         ...,
         [0.4967, 0.1119, 0.2055,  ..., 0.1270, 0.3856, 0.4357],
         [0.4702, 0.2261, 0.4098,  ..., 0.3618, 0.3296, 0.3775],
         [0.4332, 0.2305, 0.3299,  ..., 0.3289, 0.3979, 0.2586]],

        [[0.4734, 0.4486, 0.7151,  ..., 0.5300, 0.7625, 0.4043],
         [0.4804, 0.2304, 0.3539,  ..., 0.1581, 0.6630, 0.6361],
         [0.5847, 0.2882, 0.3469,  ..., 0.3357, 0.3739, 0.3915],
         ...,
         [0.3648, 0.0248, 0.0942,  ..., 0.2964, 0.4429, 0.3356],
         [0.6771, 0.2168, 0.5848,  ..., 0.3231, 0.4702, 0.4336],
         [0.2597, 0.1084, 0.2620,  ..., 0.1350, 0.3873, 0.4009]],

        [[0.5204, 0.4299, 0.6936,  ..., 0.5277, 0.6948, 0.3770],
         [0.4943, 0.1794, 0.4505,  ..., 0.1967, 0.6489, 0.6007],
         [0.5863, 0.1903, 0.3909,  ..., 0.3531, 0.3782, 0.4347],
         ...,
         [0.5626, 0.1384, 0.1537,  ..., 0.3275, 0.4647, 0.4889],
         [0.4899, 0.2660, 0.4006,  ..., 0.3779, 0.3348, 0.4369],
         [0.4623, 0.2853, 0.4011,  ..., 0.3368, 0.4123, 0.3365]],

        [[0.7100, 0.8434, 0.7093,  ..., 0.7040, 0.5347, 0.0971],
         [0.8513, 0.6240, 0.4949,  ..., 0.3433, 0.3476, 0.1235],
         [0.8785, 0.7769, 0.0999,  ..., 0.2688, 0.4915, 0.0390],
         ...,
         [0.6761, 0.2044, 0.1769,  ..., 0.1832, 0.3969, 0.5004],
         [0.5376, 0.2029, 0.4784,  ..., 0.3457, 0.3257, 0.4539],
         [0.5221, 0.2617, 0.3507,  ..., 0.3167, 0.3644, 0.2806]],

        [[0.6204, 0.4474, 0.6796,  ..., 0.1989, 0.3068, 0.0349],
         [0.4291, 0.1647, 0.4047,  ..., 0.0877, 0.1607, 0.0382],
         [0.6202, 0.1847, 0.4591,  ..., 0.3340, 0.3638, 0.0319],
         ...,
         [0.6373, 0.1200, 0.1158,  ..., 0.4144, 0.4915, 0.5944],
         [0.5466, 0.2356, 0.3520,  ..., 0.2850, 0.2892, 0.4328],
         [0.4744, 0.2744, 0.3608,  ..., 0.3119, 0.3439, 0.3244]]],
       grad_fn=<ToCopyBackward0>)tensor([[[0., 0., 0.,  ..., 0., 0., 0.],
         [0., 0., 0.,  ..., 0., 0., 0.],
         [0., 0., 0.,  ..., 0., 0., 0.],
         ...,
         [0., 0., 0.,  ..., 0., 0., 0.],
         [0., 0., 0.,  ..., 0., 0., 0.],
         [0., 0., 0.,  ..., 0., 0., 0.]],

        [[0., 0., 0.,  ..., 0., 0., 0.],
         [0., 0., 0.,  ..., 0., 0., 0.],
         [0., 0., 0.,  ..., 0., 0., 0.],
         ...,
         [0., 0., 0.,  ..., 0., 0., 0.],
         [0., 0., 0.,  ..., 0., 0., 0.],
         [0., 0., 0.,  ..., 0., 0., 0.]],

        [[0., 0., 0.,  ..., 0., 0., 0.],
         [0., 0., 0.,  ..., 0., 0., 0.],
         [0., 0., 0.,  ..., 0., 0., 0.],
         ...,
         [0., 0., 0.,  ..., 0., 0., 0.],
         [0., 0., 0.,  ..., 0., 0., 0.],
         [0., 0., 0.,  ..., 0., 0., 0.]],

        [[0., 0., 0.,  ..., 0., 0., 0.],
         [0., 0., 0.,  ..., 0., 0., 0.],
         [0., 0., 0.,  ..., 0., 0., 0.],
         ...,
         [0., 0., 0.,  ..., 0., 0., 0.],
         [0., 0., 0.,  ..., 0., 0., 0.],
         [0., 0., 0.,  ..., 0., 0., 0.]],

        [[0., 0., 0.,  ..., 0., 0., 0.],
         [0., 0., 0.,  ..., 0., 0., 0.],
         [0., 0., 0.,  ..., 0., 0., 0.],
         ...,
         [0., 0., 0.,  ..., 0., 0., 0.],
         [0., 0., 0.,  ..., 0., 0., 0.],
         [0., 0., 0.,  ..., 0., 0., 0.]],

        [[0., 0., 0.,  ..., 0., 0., 0.],
         [0., 0., 0.,  ..., 0., 0., 0.],
         [0., 0., 0.,  ..., 0., 0., 0.],
         ...,
         [0., 0., 0.,  ..., 0., 0., 0.],
         [0., 0., 0.,  ..., 0., 0., 0.],
         [0., 0., 0.,  ..., 0., 0., 0.]]])tensor([[[0.4364, 0.1799, 0.1010,  ..., 0.4271, 0.4231, 0.2825],
         [0.6195, 0.4472, 0.1470,  ..., 0.1430, 0.3249, 0.3185],
         [0.6657, 0.6211, 0.2278,  ..., 0.5461, 0.8756, 0.5059],
         ...,
         [0.5704, 0.6457, 0.1392,  ..., 0.5999, 0.5262, 0.3928],
         [0.6291, 0.8831, 0.8614,  ..., 0.9119, 0.7937, 0.5829],
         [0.4613, 0.8370, 0.7057,  ..., 0.6762, 0.7264, 0.6107]],

        [[0.3285, 0.0747, 0.0627,  ..., 0.3882, 0.3334, 0.2441],
         [0.5898, 0.1941, 0.1601,  ..., 0.1342, 0.3291, 0.2498],
         [0.5637, 0.7912, 0.2248,  ..., 0.5576, 0.8076, 0.4258],
         ...,
         [0.6303, 0.4505, 0.0539,  ..., 0.6276, 0.3300, 0.3061],
         [0.7687, 0.7227, 0.5966,  ..., 0.8779, 0.6353, 0.3518],
         [0.3575, 0.5916, 0.4368,  ..., 0.6469, 0.5838, 0.5716]],

        [[0.5709, 0.1781, 0.0698,  ..., 0.3130, 0.2904, 0.2782],
         [0.6548, 0.2862, 0.2051,  ..., 0.1195, 0.3404, 0.2130],
         [0.7205, 0.6437, 0.4512,  ..., 0.5863, 0.8401, 0.4348],
         ...,
         [0.3578, 0.6214, 0.1066,  ..., 0.5312, 0.7691, 0.5330],
         [0.5322, 0.7360, 0.4567,  ..., 0.8678, 0.9063, 0.6391],
         [0.3233, 0.7156, 0.7106,  ..., 0.4461, 0.4923, 0.3885]],

        [[0.0208, 0.0179, 0.0485,  ..., 0.0650, 0.5089, 0.0489],
         [0.0085, 0.0022, 0.0034,  ..., 0.0029, 0.1623, 0.2478],
         [0.0218, 0.0120, 0.0313,  ..., 0.0010, 0.0223, 0.5432],
         ...,
         [0.1122, 0.6121, 0.1658,  ..., 0.3485, 0.4203, 0.6273],
         [0.1414, 0.6758, 0.8081,  ..., 0.5295, 0.8437, 0.4375],
         [0.4363, 0.5518, 0.8704,  ..., 0.3943, 0.1654, 0.2744]],

        [[0.5234, 0.1786, 0.0806,  ..., 0.3345, 0.3640, 0.2655],
         [0.7880, 0.5147, 0.2517,  ..., 0.1085, 0.3592, 0.2738],
         [0.8404, 0.7820, 0.4482,  ..., 0.6272, 0.8160, 0.3756],
         ...,
         [0.5810, 0.5348, 0.1649,  ..., 0.4954, 0.5426, 0.2410],
         [0.6091, 0.8370, 0.7482,  ..., 0.8812, 0.7284, 0.3712],
         [0.2635, 0.6535, 0.4807,  ..., 0.6988, 0.6536, 0.5637]],

        [[0.5299, 0.1773, 0.0933,  ..., 0.3085, 0.3433, 0.1865],
         [0.7515, 0.4187, 0.1307,  ..., 0.2383, 0.2607, 0.2035],
         [0.7865, 0.7054, 0.2249,  ..., 0.4275, 0.4730, 0.2116],
         ...,
         [0.4321, 0.5498, 0.1149,  ..., 0.5625, 0.2546, 0.2119],
         [0.5692, 0.7985, 0.7876,  ..., 0.9326, 0.5029, 0.4035],
         [0.2687, 0.5496, 0.6031,  ..., 0.7227, 0.5879, 0.6299]]],
       grad_fn=<ToCopyBackward0>)tensor([[[0., 0., 0.,  ..., 0., 0., 0.],
         [0., 0., 0.,  ..., 0., 0., 0.],
         [0., 0., 0.,  ..., 0., 0., 0.],
         ...,
         [0., 0., 0.,  ..., 0., 0., 0.],
         [0., 0., 0.,  ..., 0., 0., 0.],
         [0., 0., 0.,  ..., 0., 0., 0.]],

        [[0., 0., 0.,  ..., 0., 0., 0.],
         [0., 0., 0.,  ..., 0., 0., 0.],
         [0., 0., 0.,  ..., 0., 0., 0.],
         ...,
         [0., 0., 0.,  ..., 0., 0., 0.],
         [0., 0., 0.,  ..., 0., 0., 0.],
         [0., 0., 0.,  ..., 0., 0., 0.]],

        [[0., 0., 0.,  ..., 0., 0., 0.],
         [0., 0., 0.,  ..., 0., 0., 0.],
         [0., 0., 0.,  ..., 0., 0., 0.],
         ...,
         [0., 0., 0.,  ..., 0., 0., 0.],
         [0., 0., 0.,  ..., 0., 0., 0.],
         [0., 0., 0.,  ..., 0., 0., 0.]],

        [[0., 0., 0.,  ..., 0., 0., 0.],
         [0., 0., 0.,  ..., 0., 0., 0.],
         [0., 0., 0.,  ..., 0., 0., 0.],
         ...,
         [0., 0., 0.,  ..., 0., 0., 0.],
         [0., 0., 0.,  ..., 0., 0., 0.],
         [0., 0., 0.,  ..., 0., 0., 0.]],

        [[0., 0., 0.,  ..., 0., 0., 0.],
         [0., 0., 0.,  ..., 0., 0., 0.],
         [0., 0., 0.,  ..., 0., 0., 0.],
         ...,
         [0., 0., 0.,  ..., 0., 0., 0.],
         [0., 0., 0.,  ..., 0., 0., 0.],
         [0., 0., 0.,  ..., 0., 0., 0.]],

        [[0., 0., 0.,  ..., 0., 0., 0.],
         [0., 0., 0.,  ..., 0., 0., 0.],
         [0., 0., 0.,  ..., 0., 0., 0.],
         ...,
         [0., 0., 0.,  ..., 0., 0., 0.],
         [0., 0., 0.,  ..., 0., 0., 0.],
         [0., 0., 0.,  ..., 0., 0., 0.]]])tensor([[[0.4434, 0.1169, 0.0604,  ..., 0.3336, 0.3499, 0.3003],
         [0.6796, 0.5621, 0.2634,  ..., 0.0752, 0.2806, 0.2621],
         [0.7081, 0.6907, 0.2822,  ..., 0.6580, 0.7735, 0.3706],
         ...,
         [0.4722, 0.7311, 0.1129,  ..., 0.4292, 0.7227, 0.5118],
         [0.5254, 0.8486, 0.6543,  ..., 0.5693, 0.8962, 0.3407],
         [0.4583, 0.7960, 0.8900,  ..., 0.4049, 0.2644, 0.2918]],

        [[0.4323, 0.1409, 0.0558,  ..., 0.3716, 0.3399, 0.2844],
         [0.7176, 0.4904, 0.1727,  ..., 0.0824, 0.3087, 0.2538],
         [0.7864, 0.7294, 0.2479,  ..., 0.6373, 0.7757, 0.4014],
         ...,
         [0.4663, 0.7339, 0.1436,  ..., 0.4041, 0.6594, 0.6727],
         [0.6467, 0.8478, 0.7697,  ..., 0.8418, 0.7755, 0.6181],
         [0.5015, 0.4869, 0.8850,  ..., 0.5114, 0.4707, 0.4539]],

        [[0.5064, 0.1679, 0.0721,  ..., 0.1086, 0.1690, 0.2858],
         [0.7266, 0.5533, 0.0989,  ..., 0.1143, 0.4863, 0.3237],
         [0.6757, 0.8010, 0.3593,  ..., 0.6539, 0.8034, 0.3695],
         ...,
         [0.4041, 0.5422, 0.1930,  ..., 0.6178, 0.7687, 0.6072],
         [0.5036, 0.5790, 0.6604,  ..., 0.8526, 0.9287, 0.5357],
         [0.2765, 0.5300, 0.4527,  ..., 0.5138, 0.3229, 0.2868]],

        [[0.5182, 0.2449, 0.0901,  ..., 0.2796, 0.3631, 0.3138],
         [0.7683, 0.5546, 0.1996,  ..., 0.0740, 0.3365, 0.2310],
         [0.7020, 0.6820, 0.2285,  ..., 0.5781, 0.8532, 0.4289],
         ...,
         [0.4472, 0.5248, 0.2163,  ..., 0.4862, 0.3793, 0.2675],
         [0.4403, 0.6529, 0.5774,  ..., 0.9008, 0.7117, 0.4328],
         [0.3066, 0.5804, 0.5307,  ..., 0.7351, 0.6150, 0.5428]],

        [[0.4747, 0.1917, 0.0803,  ..., 0.3956, 0.3517, 0.2220],
         [0.7525, 0.4607, 0.1481,  ..., 0.2121, 0.4166, 0.2672],
         [0.7629, 0.7251, 0.3214,  ..., 0.6548, 0.8024, 0.4472],
         ...,
         [0.4472, 0.4816, 0.1799,  ..., 0.4694, 0.4646, 0.4299],
         [0.5602, 0.8078, 0.6816,  ..., 0.8894, 0.8008, 0.4869],
         [0.4649, 0.8025, 0.7652,  ..., 0.5887, 0.6383, 0.4933]],

        [[0.3900, 0.0992, 0.2242,  ..., 0.5428, 0.3372, 0.3061],
         [0.1464, 0.0297, 0.2297,  ..., 0.0612, 0.2390, 0.2452],
         [0.0061, 0.0262, 0.0486,  ..., 0.4484, 0.4901, 0.2887],
         ...,
         [0.3672, 0.6773, 0.1167,  ..., 0.4394, 0.5390, 0.2135],
         [0.5523, 0.8827, 0.6866,  ..., 0.8655, 0.5906, 0.3047],
         [0.4008, 0.7932, 0.8793,  ..., 0.8065, 0.6916, 0.5557]]],
       grad_fn=<ToCopyBackward0>)tensor([[[0., 0., 0.,  ..., 0., 0., 0.],
         [0., 0., 0.,  ..., 0., 0., 0.],
         [0., 0., 0.,  ..., 0., 0., 0.],
         ...,
         [0., 0., 0.,  ..., 0., 0., 0.],
         [0., 0., 0.,  ..., 0., 0., 0.],
         [0., 0., 0.,  ..., 0., 0., 0.]],

        [[0., 0., 0.,  ..., 0., 0., 0.],
         [0., 0., 0.,  ..., 0., 0., 0.],
         [0., 0., 0.,  ..., 0., 0., 0.],
         ...,
         [0., 0., 0.,  ..., 0., 0., 0.],
         [0., 0., 0.,  ..., 0., 0., 0.],
         [0., 0., 0.,  ..., 0., 0., 0.]],

        [[0., 0., 0.,  ..., 0., 0., 0.],
         [0., 0., 0.,  ..., 0., 0., 0.],
         [0., 0., 0.,  ..., 0., 0., 0.],
         ...,
         [0., 0., 0.,  ..., 0., 0., 0.],
         [0., 0., 0.,  ..., 0., 0., 0.],
         [0., 0., 0.,  ..., 0., 0., 0.]],

        [[0., 0., 0.,  ..., 0., 0., 0.],
         [0., 0., 0.,  ..., 0., 0., 0.],
         [0., 0., 0.,  ..., 0., 0., 0.],
         ...,
         [0., 0., 0.,  ..., 0., 0., 0.],
         [0., 0., 0.,  ..., 0., 0., 0.],
         [0., 0., 0.,  ..., 0., 0., 0.]],

        [[0., 0., 0.,  ..., 0., 0., 0.],
         [0., 0., 0.,  ..., 0., 0., 0.],
         [0., 0., 0.,  ..., 0., 0., 0.],
         ...,
         [0., 0., 0.,  ..., 0., 0., 0.],
         [0., 0., 0.,  ..., 0., 0., 0.],
         [0., 0., 0.,  ..., 0., 0., 0.]],

        [[0., 0., 0.,  ..., 0., 0., 0.],
         [0., 0., 0.,  ..., 0., 0., 0.],
         [0., 0., 0.,  ..., 0., 0., 0.],
         ...,
         [0., 0., 0.,  ..., 0., 0., 0.],
         [0., 0., 0.,  ..., 0., 0., 0.],
         [0., 0., 0.,  ..., 0., 0., 0.]]])tensor([[[0.2063, 0.1495, 0.4970,  ..., 0.4073, 0.3214, 0.2682],
         [0.1395, 0.0806, 0.3429,  ..., 0.1397, 0.3393, 0.2648],
         [0.0575, 0.0421, 0.0742,  ..., 0.5185, 0.8507, 0.5209],
         ...,
         [0.7468, 0.4835, 0.0218,  ..., 0.6095, 0.4859, 0.3814],
         [0.7907, 0.6974, 0.7494,  ..., 0.8646, 0.7857, 0.5524],
         [0.2761, 0.5960, 0.7514,  ..., 0.6567, 0.4955, 0.5169]],

        [[0.5502, 0.2472, 0.1483,  ..., 0.4132, 0.2785, 0.2120],
         [0.4198, 0.2417, 0.0693,  ..., 0.1430, 0.5097, 0.3611],
         [0.4795, 0.2308, 0.0733,  ..., 0.7571, 0.8457, 0.5457],
         ...,
         [0.3458, 0.7821, 0.2435,  ..., 0.5994, 0.4896, 0.5124],
         [0.7094, 0.8877, 0.8314,  ..., 0.9479, 0.8009, 0.5503],
         [0.4737, 0.4723, 0.8682,  ..., 0.6691, 0.6344, 0.5014]],

        [[0.5575, 0.1505, 0.0897,  ..., 0.2823, 0.3273, 0.3978],
         [0.6713, 0.3879, 0.0392,  ..., 0.3254, 0.3539, 0.3049],
         [0.7554, 0.7463, 0.2590,  ..., 0.8379, 0.9102, 0.7541],
         ...,
         [0.6202, 0.5978, 0.1249,  ..., 0.5117, 0.3683, 0.2232],
         [0.6222, 0.7743, 0.6250,  ..., 0.8908, 0.6395, 0.3636],
         [0.3486, 0.6283, 0.4361,  ..., 0.6951, 0.6467, 0.6286]],

        [[0.6708, 0.1621, 0.0281,  ..., 0.4006, 0.3749, 0.2769],
         [0.6608, 0.1388, 0.0914,  ..., 0.1547, 0.3302, 0.2919],
         [0.7698, 0.3251, 0.1917,  ..., 0.6058, 0.8560, 0.5105],
         ...,
         [0.4588, 0.7493, 0.2184,  ..., 0.1922, 0.4061, 0.4271],
         [0.6560, 0.9191, 0.8875,  ..., 0.4486, 0.8991, 0.5079],
         [0.4677, 0.4426, 0.8846,  ..., 0.4969, 0.2785, 0.2253]],

        [[0.4574, 0.1209, 0.0509,  ..., 0.5207, 0.5119, 0.2862],
         [0.6240, 0.4264, 0.2069,  ..., 0.1952, 0.5186, 0.3630],
         [0.7851, 0.7436, 0.5061,  ..., 0.4742, 0.8142, 0.5295],
         ...,
         [0.5658, 0.6960, 0.2309,  ..., 0.5718, 0.6122, 0.5469],
         [0.5691, 0.8578, 0.4282,  ..., 0.8118, 0.9533, 0.5412],
         [0.4826, 0.8630, 0.7704,  ..., 0.5720, 0.5855, 0.4282]],

        [[0.6288, 0.1896, 0.0813,  ..., 0.4191, 0.3155, 0.2371],
         [0.6696, 0.3804, 0.0963,  ..., 0.1907, 0.3304, 0.2608],
         [0.8147, 0.6627, 0.3872,  ..., 0.5871, 0.7969, 0.4202],
         ...,
         [0.6476, 0.5910, 0.1125,  ..., 0.5489, 0.3740, 0.2430],
         [0.6672, 0.8112, 0.6319,  ..., 0.9041, 0.7205, 0.4472],
         [0.3888, 0.6698, 0.4451,  ..., 0.6840, 0.6271, 0.6019]]],
       grad_fn=<ToCopyBackward0>)tensor([[[0., 0., 0.,  ..., 0., 0., 0.],
         [0., 0., 0.,  ..., 0., 0., 0.],
         [0., 0., 0.,  ..., 0., 0., 0.],
         ...,
         [0., 0., 0.,  ..., 0., 0., 0.],
         [0., 0., 0.,  ..., 0., 0., 0.],
         [0., 0., 0.,  ..., 0., 0., 0.]],

        [[0., 0., 0.,  ..., 0., 0., 0.],
         [0., 0., 0.,  ..., 0., 0., 0.],
         [0., 0., 0.,  ..., 0., 0., 0.],
         ...,
         [0., 0., 0.,  ..., 0., 0., 0.],
         [0., 0., 0.,  ..., 0., 0., 0.],
         [0., 0., 0.,  ..., 0., 0., 0.]],

        [[0., 0., 0.,  ..., 0., 0., 0.],
         [0., 0., 0.,  ..., 0., 0., 0.],
         [0., 0., 0.,  ..., 0., 0., 0.],
         ...,
         [0., 0., 0.,  ..., 0., 0., 0.],
         [0., 0., 0.,  ..., 0., 0., 0.],
         [0., 0., 0.,  ..., 0., 0., 0.]],

        [[0., 0., 0.,  ..., 0., 0., 0.],
         [0., 0., 0.,  ..., 0., 0., 0.],
         [0., 0., 0.,  ..., 0., 0., 0.],
         ...,
         [0., 0., 0.,  ..., 0., 0., 0.],
         [0., 0., 0.,  ..., 0., 0., 0.],
         [0., 0., 0.,  ..., 0., 0., 0.]],

        [[0., 0., 0.,  ..., 0., 0., 0.],
         [0., 0., 0.,  ..., 0., 0., 0.],
         [0., 0., 0.,  ..., 0., 0., 0.],
         ...,
         [0., 0., 0.,  ..., 0., 0., 0.],
         [0., 0., 0.,  ..., 0., 0., 0.],
         [0., 0., 0.,  ..., 0., 0., 0.]],

        [[0., 0., 0.,  ..., 0., 0., 0.],
         [0., 0., 0.,  ..., 0., 0., 0.],
         [0., 0., 0.,  ..., 0., 0., 0.],
         ...,
         [0., 0., 0.,  ..., 0., 0., 0.],
         [0., 0., 0.,  ..., 0., 0., 0.],
         [0., 0., 0.,  ..., 0., 0., 0.]]])tensor([[[0.1102, 0.0829, 0.0531,  ..., 0.3011, 0.3364, 0.3211],
         [0.0517, 0.0097, 0.0753,  ..., 0.0666, 0.2863, 0.2866],
         [0.2257, 0.4308, 0.6668,  ..., 0.6043, 0.8226, 0.4216],
         ...,
         [0.6399, 0.5927, 0.1882,  ..., 0.4296, 0.3590, 0.3085],
         [0.6702, 0.7879, 0.6835,  ..., 0.8545, 0.5846, 0.3709],
         [0.3033, 0.7017, 0.4855,  ..., 0.7724, 0.6455, 0.5390]],

        [[0.4723, 0.2319, 0.0834,  ..., 0.3161, 0.2460, 0.2342],
         [0.7189, 0.5729, 0.1269,  ..., 0.3146, 0.2585, 0.2997],
         [0.6887, 0.8017, 0.4585,  ..., 0.4884, 0.3853, 0.4325],
         ...,
         [0.4221, 0.8228, 0.2037,  ..., 0.5549, 0.6273, 0.7048],
         [0.4866, 0.8729, 0.7006,  ..., 0.6151, 0.8741, 0.5847],
         [0.3245, 0.7243, 0.5907,  ..., 0.4682, 0.2640, 0.3113]],

        [[0.5267, 0.1031, 0.0419,  ..., 0.4204, 0.3641, 0.3640],
         [0.5875, 0.2148, 0.1665,  ..., 0.1089, 0.2705, 0.2559],
         [0.6757, 0.7498, 0.3731,  ..., 0.6430, 0.7911, 0.4955],
         ...,
         [0.4760, 0.3477, 0.3187,  ..., 0.4250, 0.5407, 0.2239],
         [0.4964, 0.5955, 0.6596,  ..., 0.8490, 0.5527, 0.3165],
         [0.3903, 0.4706, 0.5238,  ..., 0.8525, 0.7005, 0.5736]],

        [[0.4897, 0.1976, 0.0765,  ..., 0.2274, 0.1616, 0.2116],
         [0.6578, 0.4167, 0.2544,  ..., 0.0943, 0.1461, 0.4028],
         [0.6087, 0.6126, 0.3665,  ..., 0.6135, 0.6267, 0.6000],
         ...,
         [0.2276, 0.3004, 0.2548,  ..., 0.3431, 0.5259, 0.5943],
         [0.3939, 0.6385, 0.8700,  ..., 0.6390, 0.9149, 0.2910],
         [0.1561, 0.4096, 0.5605,  ..., 0.3617, 0.2989, 0.2445]],

        [[0.4994, 0.1483, 0.0761,  ..., 0.2642, 0.3637, 0.1072],
         [0.6963, 0.4696, 0.2500,  ..., 0.1373, 0.1777, 0.1344],
         [0.7080, 0.6504, 0.3142,  ..., 0.4204, 0.4164, 0.4081],
         ...,
         [0.4467, 0.7390, 0.1414,  ..., 0.4495, 0.6387, 0.5292],
         [0.5381, 0.8802, 0.8405,  ..., 0.7241, 0.9264, 0.5172],
         [0.3883, 0.4160, 0.7877,  ..., 0.4559, 0.3902, 0.2594]],

        [[0.4121, 0.1300, 0.0547,  ..., 0.3192, 0.2593, 0.2693],
         [0.6931, 0.5550, 0.2018,  ..., 0.0755, 0.2419, 0.2199],
         [0.7924, 0.8202, 0.3252,  ..., 0.5448, 0.7537, 0.2730],
         ...,
         [0.6119, 0.5527, 0.2105,  ..., 0.4007, 0.3850, 0.2859],
         [0.7479, 0.7710, 0.7092,  ..., 0.8528, 0.6196, 0.3485],
         [0.4486, 0.7920, 0.6231,  ..., 0.7590, 0.6083, 0.5129]]],
       grad_fn=<ToCopyBackward0>)tensor([[[0., 0., 0.,  ..., 0., 0., 0.],
         [0., 0., 0.,  ..., 0., 0., 0.],
         [0., 0., 0.,  ..., 0., 0., 0.],
         ...,
         [0., 0., 0.,  ..., 0., 0., 0.],
         [0., 0., 0.,  ..., 0., 0., 0.],
         [0., 0., 0.,  ..., 0., 0., 0.]],

        [[0., 0., 0.,  ..., 0., 0., 0.],
         [0., 0., 0.,  ..., 0., 0., 0.],
         [0., 0., 0.,  ..., 0., 0., 0.],
         ...,
         [0., 0., 0.,  ..., 0., 0., 0.],
         [0., 0., 0.,  ..., 0., 0., 0.],
         [0., 0., 0.,  ..., 0., 0., 0.]],

        [[0., 0., 0.,  ..., 0., 0., 0.],
         [0., 0., 0.,  ..., 0., 0., 0.],
         [0., 0., 0.,  ..., 0., 0., 0.],
         ...,
         [0., 0., 0.,  ..., 0., 0., 0.],
         [0., 0., 0.,  ..., 0., 0., 0.],
         [0., 0., 0.,  ..., 0., 0., 0.]],

        [[0., 0., 0.,  ..., 0., 0., 0.],
         [0., 0., 0.,  ..., 0., 0., 0.],
         [0., 0., 0.,  ..., 0., 0., 0.],
         ...,
         [0., 0., 0.,  ..., 0., 0., 0.],
         [0., 0., 0.,  ..., 0., 0., 0.],
         [0., 0., 0.,  ..., 0., 0., 0.]],

        [[0., 0., 0.,  ..., 0., 0., 0.],
         [0., 0., 0.,  ..., 0., 0., 0.],
         [0., 0., 0.,  ..., 0., 0., 0.],
         ...,
         [0., 0., 0.,  ..., 0., 0., 0.],
         [0., 0., 0.,  ..., 0., 0., 0.],
         [0., 0., 0.,  ..., 0., 0., 0.]],

        [[0., 0., 0.,  ..., 0., 0., 0.],
         [0., 0., 0.,  ..., 0., 0., 0.],
         [0., 0., 0.,  ..., 0., 0., 0.],
         ...,
         [0., 0., 0.,  ..., 0., 0., 0.],
         [0., 0., 0.,  ..., 0., 0., 0.],
         [0., 0., 0.,  ..., 0., 0., 0.]]])tensor([[[0.5479, 0.2131, 0.1226,  ..., 0.3940, 0.3331, 0.2642],
         [0.8114, 0.6010, 0.2948,  ..., 0.1741, 0.3928, 0.2893],
         [0.8450, 0.7927, 0.7007,  ..., 0.6297, 0.8358, 0.4437],
         ...,
         [0.6115, 0.5882, 0.1271,  ..., 0.4567, 0.3652, 0.2485],
         [0.6464, 0.7713, 0.6129,  ..., 0.8507, 0.6172, 0.3574],
         [0.3300, 0.6439, 0.4531,  ..., 0.6908, 0.6200, 0.5667]],

        [[0.5212, 0.2744, 0.1335,  ..., 0.3790, 0.3115, 0.2486],
         [0.7807, 0.5864, 0.1859,  ..., 0.2109, 0.4011, 0.3014],
         [0.8045, 0.7794, 0.4267,  ..., 0.5997, 0.8676, 0.4804],
         ...,
         [0.5935, 0.5940, 0.2089,  ..., 0.4738, 0.3721, 0.2125],
         [0.6275, 0.7808, 0.7214,  ..., 0.9368, 0.7966, 0.4821],
         [0.3604, 0.6528, 0.4631,  ..., 0.7100, 0.7036, 0.5149]],

        [[0.3792, 0.1795, 0.2313,  ..., 0.3641, 0.3690, 0.3762],
         [0.4972, 0.2864, 0.2443,  ..., 0.2994, 0.4741, 0.4074],
         [0.3787, 0.3389, 0.2518,  ..., 0.5790, 0.8090, 0.5808],
         ...,
         [0.3972, 0.7257, 0.1582,  ..., 0.5318, 0.4457, 0.4068],
         [0.5415, 0.8656, 0.5898,  ..., 0.7153, 0.8878, 0.5702],
         [0.3695, 0.7645, 0.7830,  ..., 0.6610, 0.4392, 0.4523]],

        [[0.5107, 0.2418, 0.1276,  ..., 0.4402, 0.3275, 0.3504],
         [0.7684, 0.5258, 0.2349,  ..., 0.2701, 0.4089, 0.4201],
         [0.7955, 0.7416, 0.6040,  ..., 0.8464, 0.8291, 0.5527],
         ...,
         [0.3907, 0.6016, 0.1763,  ..., 0.5388, 0.3291, 0.4059],
         [0.5312, 0.8128, 0.4512,  ..., 0.8861, 0.9577, 0.5698],
         [0.3659, 0.7390, 0.7102,  ..., 0.7802, 0.5523, 0.4382]],

        [[0.4751, 0.2520, 0.1437,  ..., 0.4152, 0.3654, 0.2612],
         [0.6629, 0.5418, 0.1699,  ..., 0.1628, 0.4031, 0.2864],
         [0.7508, 0.7142, 0.2860,  ..., 0.5610, 0.8604, 0.6072],
         ...,
         [0.1957, 0.5042, 0.1178,  ..., 0.3938, 0.5388, 0.6089],
         [0.2949, 0.6374, 0.6652,  ..., 0.6402, 0.9036, 0.4168],
         [0.4476, 0.3757, 0.8120,  ..., 0.4481, 0.2832, 0.3211]],

        [[0.5515, 0.2526, 0.1050,  ..., 0.3963, 0.4581, 0.3193],
         [0.8270, 0.5269, 0.2564,  ..., 0.1138, 0.3373, 0.3115],
         [0.8309, 0.8239, 0.4734,  ..., 0.5498, 0.8912, 0.4956],
         ...,
         [0.6250, 0.6146, 0.1603,  ..., 0.4885, 0.3689, 0.2449],
         [0.6351, 0.7855, 0.6508,  ..., 0.8703, 0.6700, 0.3859],
         [0.3509, 0.6642, 0.4647,  ..., 0.7103, 0.6313, 0.5697]]],
       grad_fn=<ToCopyBackward0>)tensor([[[0., 0., 0.,  ..., 0., 0., 0.],
         [0., 0., 0.,  ..., 0., 0., 0.],
         [0., 0., 0.,  ..., 0., 0., 0.],
         ...,
         [0., 0., 0.,  ..., 0., 0., 0.],
         [0., 0., 0.,  ..., 0., 0., 0.],
         [0., 0., 0.,  ..., 0., 0., 0.]],

        [[0., 0., 0.,  ..., 0., 0., 0.],
         [0., 0., 0.,  ..., 0., 0., 0.],
         [0., 0., 0.,  ..., 0., 0., 0.],
         ...,
         [0., 0., 0.,  ..., 0., 0., 0.],
         [0., 0., 0.,  ..., 0., 0., 0.],
         [0., 0., 0.,  ..., 0., 0., 0.]],

        [[0., 0., 0.,  ..., 0., 0., 0.],
         [0., 0., 0.,  ..., 0., 0., 0.],
         [0., 0., 0.,  ..., 0., 0., 0.],
         ...,
         [0., 0., 0.,  ..., 0., 0., 0.],
         [0., 0., 0.,  ..., 0., 0., 0.],
         [0., 0., 0.,  ..., 0., 0., 0.]],

        [[0., 0., 0.,  ..., 0., 0., 0.],
         [0., 0., 0.,  ..., 0., 0., 0.],
         [0., 0., 0.,  ..., 0., 0., 0.],
         ...,
         [0., 0., 0.,  ..., 0., 0., 0.],
         [0., 0., 0.,  ..., 0., 0., 0.],
         [0., 0., 0.,  ..., 0., 0., 0.]],

        [[0., 0., 0.,  ..., 0., 0., 0.],
         [0., 0., 0.,  ..., 0., 0., 0.],
         [0., 0., 0.,  ..., 0., 0., 0.],
         ...,
         [0., 0., 0.,  ..., 0., 0., 0.],
         [0., 0., 0.,  ..., 0., 0., 0.],
         [0., 0., 0.,  ..., 0., 0., 0.]],

        [[0., 0., 0.,  ..., 0., 0., 0.],
         [0., 0., 0.,  ..., 0., 0., 0.],
         [0., 0., 0.,  ..., 0., 0., 0.],
         ...,
         [0., 0., 0.,  ..., 0., 0., 0.],
         [0., 0., 0.,  ..., 0., 0., 0.],
         [0., 0., 0.,  ..., 0., 0., 0.]]])tensor([[[0.3490, 0.1319, 0.0585,  ..., 0.5386, 0.3661, 0.2414],
         [0.9047, 0.7222, 0.3015,  ..., 0.1003, 0.4048, 0.5164],
         [0.7732, 0.9036, 0.1483,  ..., 0.5509, 0.5929, 0.3251],
         ...,
         [0.4999, 0.2828, 0.1925,  ..., 0.9241, 0.8124, 0.6374],
         [0.6003, 0.6700, 0.5468,  ..., 0.9142, 0.6964, 0.8264],
         [0.4646, 0.7638, 0.8412,  ..., 0.9558, 0.6394, 0.5278]],

        [[0.4654, 0.1855, 0.1209,  ..., 0.3293, 0.4177, 0.2825],
         [0.5857, 0.4833, 0.1102,  ..., 0.0822, 0.3543, 0.2895],
         [0.6778, 0.5922, 0.1805,  ..., 0.4638, 0.7430, 0.4046],
         ...,
         [0.5529, 0.6319, 0.3299,  ..., 0.3548, 0.2492, 0.4068],
         [0.6736, 0.7868, 0.8226,  ..., 0.9254, 0.4543, 0.4958],
         [0.5135, 0.8187, 0.8864,  ..., 0.8494, 0.7079, 0.6728]],

        [[0.4934, 0.1738, 0.0738,  ..., 0.3540, 0.4699, 0.2258],
         [0.6776, 0.3443, 0.1097,  ..., 0.2729, 0.4802, 0.3750],
         [0.7110, 0.6821, 0.2153,  ..., 0.4932, 0.6587, 0.4329],
         ...,
         [0.1368, 0.5580, 0.0601,  ..., 0.2655, 0.5031, 0.6576],
         [0.3085, 0.7145, 0.5647,  ..., 0.3609, 0.9209, 0.2707],
         [0.4816, 0.4478, 0.8559,  ..., 0.4867, 0.1732, 0.3768]],

        [[0.4065, 0.1017, 0.0363,  ..., 0.3936, 0.5159, 0.1325],
         [0.7690, 0.2550, 0.1858,  ..., 0.0161, 0.1004, 0.1143],
         [0.9007, 0.8510, 0.2700,  ..., 0.2002, 0.1939, 0.4764],
         ...,
         [0.5573, 0.5217, 0.2003,  ..., 0.5567, 0.4705, 0.3465],
         [0.6388, 0.7579, 0.7152,  ..., 0.8951, 0.7087, 0.3880],
         [0.3070, 0.6844, 0.5335,  ..., 0.6481, 0.6134, 0.5701]],

        [[0.4305, 0.1791, 0.0948,  ..., 0.7962, 0.4266, 0.2024],
         [0.6746, 0.4326, 0.1646,  ..., 0.1897, 0.3248, 0.2349],
         [0.6637, 0.6738, 0.1498,  ..., 0.5234, 0.6913, 0.3649],
         ...,
         [0.3253, 0.6937, 0.2187,  ..., 0.5087, 0.6880, 0.5323],
         [0.5262, 0.7622, 0.7165,  ..., 0.7257, 0.8607, 0.5063],
         [0.3701, 0.7186, 0.6354,  ..., 0.5132, 0.4640, 0.3130]],

        [[0.0517, 0.0113, 0.0099,  ..., 0.0601, 0.4513, 0.0833],
         [0.0337, 0.0056, 0.0042,  ..., 0.0033, 0.4164, 0.1716],
         [0.0078, 0.0039, 0.0875,  ..., 0.0010, 0.3196, 0.5052],
         ...,
         [0.4700, 0.6792, 0.0909,  ..., 0.2689, 0.7346, 0.6058],
         [0.4949, 0.9037, 0.7695,  ..., 0.8455, 0.8311, 0.6004],
         [0.2665, 0.5720, 0.8181,  ..., 0.5793, 0.5331, 0.4642]]],
       grad_fn=<ToCopyBackward0>)tensor([[[0., 0., 0.,  ..., 0., 0., 0.],
         [0., 0., 0.,  ..., 0., 0., 0.],
         [0., 0., 0.,  ..., 0., 0., 0.],
         ...,
         [0., 0., 0.,  ..., 0., 0., 0.],
         [0., 0., 0.,  ..., 0., 0., 0.],
         [0., 0., 0.,  ..., 0., 0., 0.]],

        [[0., 0., 0.,  ..., 0., 0., 0.],
         [0., 0., 0.,  ..., 0., 0., 0.],
         [0., 0., 0.,  ..., 0., 0., 0.],
         ...,
         [0., 0., 0.,  ..., 0., 0., 0.],
         [0., 0., 0.,  ..., 0., 0., 0.],
         [0., 0., 0.,  ..., 0., 0., 0.]],

        [[0., 0., 0.,  ..., 0., 0., 0.],
         [0., 0., 0.,  ..., 0., 0., 0.],
         [0., 0., 0.,  ..., 0., 0., 0.],
         ...,
         [0., 0., 0.,  ..., 0., 0., 0.],
         [0., 0., 0.,  ..., 0., 0., 0.],
         [0., 0., 0.,  ..., 0., 0., 0.]],

        [[0., 0., 0.,  ..., 0., 0., 0.],
         [0., 0., 0.,  ..., 0., 0., 0.],
         [0., 0., 0.,  ..., 0., 0., 0.],
         ...,
         [0., 0., 0.,  ..., 0., 0., 0.],
         [0., 0., 0.,  ..., 0., 0., 0.],
         [0., 0., 0.,  ..., 0., 0., 0.]],

        [[0., 0., 0.,  ..., 0., 0., 0.],
         [0., 0., 0.,  ..., 0., 0., 0.],
         [0., 0., 0.,  ..., 0., 0., 0.],
         ...,
         [0., 0., 0.,  ..., 0., 0., 0.],
         [0., 0., 0.,  ..., 0., 0., 0.],
         [0., 0., 0.,  ..., 0., 0., 0.]],

        [[0., 0., 0.,  ..., 0., 0., 0.],
         [0., 0., 0.,  ..., 0., 0., 0.],
         [0., 0., 0.,  ..., 0., 0., 0.],
         ...,
         [0., 0., 0.,  ..., 0., 0., 0.],
         [0., 0., 0.,  ..., 0., 0., 0.],
         [0., 0., 0.,  ..., 0., 0., 0.]]])tensor([[[0.3918, 0.1055, 0.0555,  ..., 0.1892, 0.4929, 0.0724],
         [0.6953, 0.2824, 0.0948,  ..., 0.0244, 0.1420, 0.0378],
         [0.7620, 0.6943, 0.2049,  ..., 0.0868, 0.2327, 0.5642],
         ...,
         [0.4894, 0.5663, 0.1606,  ..., 0.6816, 0.4925, 0.5135],
         [0.6023, 0.7559, 0.6764,  ..., 0.8730, 0.7446, 0.5123],
         [0.4298, 0.6220, 0.5268,  ..., 0.5883, 0.5635, 0.5528]],

        [[0.4857, 0.1981, 0.0465,  ..., 0.3470, 0.3149, 0.2656],
         [0.6969, 0.4758, 0.1577,  ..., 0.1174, 0.2988, 0.2610],
         [0.6760, 0.7110, 0.3195,  ..., 0.7020, 0.8155, 0.3647],
         ...,
         [0.3583, 0.9883, 0.2909,  ..., 0.3804, 0.4402, 0.2230],
         [0.6228, 0.9897, 0.6671,  ..., 0.8438, 0.5865, 0.3092],
         [0.6075, 0.9036, 0.8593,  ..., 0.7488, 0.6383, 0.5864]],

        [[0.1542, 0.0465, 0.1182,  ..., 0.2031, 0.2948, 0.1128],
         [0.0529, 0.0351, 0.0154,  ..., 0.0533, 0.1771, 0.1796],
         [0.0377, 0.0662, 0.0286,  ..., 0.6953, 0.5908, 0.4916],
         ...,
         [0.4325, 0.5888, 0.1551,  ..., 0.5643, 0.6034, 0.4879],
         [0.5936, 0.7041, 0.5785,  ..., 0.7414, 0.9232, 0.4484],
         [0.3589, 0.6343, 0.5239,  ..., 0.4793, 0.4858, 0.3089]],

        [[0.2995, 0.0626, 0.2499,  ..., 0.4832, 0.5418, 0.3043],
         [0.1468, 0.0630, 0.1111,  ..., 0.1706, 0.4263, 0.3222],
         [0.0453, 0.0851, 0.0522,  ..., 0.3286, 0.8692, 0.5710],
         ...,
         [0.6255, 0.6640, 0.1792,  ..., 0.4024, 0.4055, 0.4500],
         [0.7086, 0.8577, 0.7669,  ..., 0.9046, 0.7403, 0.5342],
         [0.4181, 0.7553, 0.7767,  ..., 0.4887, 0.5204, 0.5042]],

        [[0.4153, 0.0777, 0.0945,  ..., 0.3365, 0.3716, 0.3884],
         [0.6185, 0.2988, 0.0839,  ..., 0.1726, 0.5308, 0.4978],
         [0.3659, 0.2881, 0.1168,  ..., 0.7340, 0.8328, 0.4782],
         ...,
         [0.5412, 0.5619, 0.1709,  ..., 0.6642, 0.4580, 0.3525],
         [0.6068, 0.7884, 0.6977,  ..., 0.9142, 0.7564, 0.4602],
         [0.4010, 0.6186, 0.4836,  ..., 0.6604, 0.6181, 0.5402]],

        [[0.5026, 0.2116, 0.1129,  ..., 0.3801, 0.3142, 0.2462],
         [0.8440, 0.6051, 0.1970,  ..., 0.1926, 0.2966, 0.2191],
         [0.7602, 0.8407, 0.5541,  ..., 0.4964, 0.7814, 0.4395],
         ...,
         [0.1712, 0.7863, 0.1426,  ..., 0.3257, 0.6512, 0.3868],
         [0.3920, 0.7942, 0.6477,  ..., 0.5172, 0.9097, 0.4703],
         [0.3780, 0.5597, 0.8679,  ..., 0.4939, 0.3419, 0.2360]]],
       grad_fn=<ToCopyBackward0>)tensor([[[0., 0., 0.,  ..., 0., 0., 0.],
         [0., 0., 0.,  ..., 0., 0., 0.],
         [0., 0., 0.,  ..., 0., 0., 0.],
         ...,
         [0., 0., 0.,  ..., 0., 0., 0.],
         [0., 0., 0.,  ..., 0., 0., 0.],
         [0., 0., 0.,  ..., 0., 0., 0.]],

        [[0., 0., 0.,  ..., 0., 0., 0.],
         [0., 0., 0.,  ..., 0., 0., 0.],
         [0., 0., 0.,  ..., 0., 0., 0.],
         ...,
         [0., 0., 0.,  ..., 0., 0., 0.],
         [0., 0., 0.,  ..., 0., 0., 0.],
         [0., 0., 0.,  ..., 0., 0., 0.]],

        [[0., 0., 0.,  ..., 0., 0., 0.],
         [0., 0., 0.,  ..., 0., 0., 0.],
         [0., 0., 0.,  ..., 0., 0., 0.],
         ...,
         [0., 0., 0.,  ..., 0., 0., 0.],
         [0., 0., 0.,  ..., 0., 0., 0.],
         [0., 0., 0.,  ..., 0., 0., 0.]],

        [[0., 0., 0.,  ..., 0., 0., 0.],
         [0., 0., 0.,  ..., 0., 0., 0.],
         [0., 0., 0.,  ..., 0., 0., 0.],
         ...,
         [0., 0., 0.,  ..., 0., 0., 0.],
         [0., 0., 0.,  ..., 0., 0., 0.],
         [0., 0., 0.,  ..., 0., 0., 0.]],

        [[0., 0., 0.,  ..., 0., 0., 0.],
         [0., 0., 0.,  ..., 0., 0., 0.],
         [0., 0., 0.,  ..., 0., 0., 0.],
         ...,
         [0., 0., 0.,  ..., 0., 0., 0.],
         [0., 0., 0.,  ..., 0., 0., 0.],
         [0., 0., 0.,  ..., 0., 0., 0.]],

        [[0., 0., 0.,  ..., 0., 0., 0.],
         [0., 0., 0.,  ..., 0., 0., 0.],
         [0., 0., 0.,  ..., 0., 0., 0.],
         ...,
         [0., 0., 0.,  ..., 0., 0., 0.],
         [0., 0., 0.,  ..., 0., 0., 0.],
         [0., 0., 0.,  ..., 0., 0., 0.]]])tensor([[[0.2074, 0.1271, 0.0881,  ..., 0.4444, 0.6091, 0.6655],
         [0.9289, 0.8816, 0.4256,  ..., 0.2724, 0.0998, 0.1399],
         [0.6382, 0.8650, 0.1079,  ..., 0.4372, 0.3365, 0.2019],
         ...,
         [0.6422, 0.5233, 0.2046,  ..., 0.5481, 0.3384, 0.3035],
         [0.6244, 0.7803, 0.7829,  ..., 0.8832, 0.7552, 0.4360],
         [0.4172, 0.6809, 0.5668,  ..., 0.6747, 0.6365, 0.5306]],

        [[0.4238, 0.2044, 0.1211,  ..., 0.4009, 0.2914, 0.2829],
         [0.7840, 0.6319, 0.2455,  ..., 0.1075, 0.2996, 0.2369],
         [0.7982, 0.8356, 0.1833,  ..., 0.6014, 0.7185, 0.4049],
         ...,
         [0.4712, 0.7261, 0.1999,  ..., 0.3997, 0.5070, 0.2919],
         [0.6399, 0.8135, 0.7568,  ..., 0.8504, 0.7584, 0.4229],
         [0.4629, 0.5720, 0.8953,  ..., 0.7676, 0.6567, 0.5189]],

        [[0.4734, 0.2412, 0.1080,  ..., 0.3264, 0.3211, 0.2840],
         [0.7524, 0.5121, 0.2242,  ..., 0.0711, 0.3775, 0.2637],
         [0.7174, 0.7005, 0.3230,  ..., 0.6095, 0.8992, 0.5292],
         ...,
         [0.3591, 0.6817, 0.1456,  ..., 0.5327, 0.6643, 0.5961],
         [0.5409, 0.8422, 0.7522,  ..., 0.5641, 0.8976, 0.2466],
         [0.5399, 0.4090, 0.7676,  ..., 0.3977, 0.2828, 0.3417]],

        [[0.4955, 0.1359, 0.0766,  ..., 0.3048, 0.2989, 0.2715],
         [0.7433, 0.5852, 0.2557,  ..., 0.1194, 0.3219, 0.2790],
         [0.7732, 0.7168, 0.2557,  ..., 0.7115, 0.8149, 0.3790],
         ...,
         [0.6409, 0.7684, 0.2877,  ..., 0.6766, 0.5481, 0.3805],
         [0.5912, 0.8636, 0.6617,  ..., 0.9696, 0.7444, 0.5210],
         [0.4384, 0.7037, 0.4642,  ..., 0.6335, 0.6796, 0.5719]],

        [[0.5373, 0.2364, 0.1259,  ..., 0.3069, 0.3483, 0.3023],
         [0.6834, 0.6669, 0.1440,  ..., 0.2059, 0.4081, 0.3319],
         [0.6919, 0.7198, 0.2616,  ..., 0.4202, 0.6196, 0.5006],
         ...,
         [0.5274, 0.6038, 0.1999,  ..., 0.3948, 0.4060, 0.2462],
         [0.5839, 0.8172, 0.7840,  ..., 0.8672, 0.7310, 0.4677],
         [0.3153, 0.6852, 0.5423,  ..., 0.7515, 0.6392, 0.5404]],

        [[0.5290, 0.2203, 0.0936,  ..., 0.3035, 0.2500, 0.2628],
         [0.7156, 0.5109, 0.2182,  ..., 0.1181, 0.3979, 0.2707],
         [0.6354, 0.6577, 0.3229,  ..., 0.6945, 0.8241, 0.3610],
         ...,
         [0.6975, 0.2538, 0.0150,  ..., 0.4251, 0.4175, 0.5252],
         [0.7543, 0.4246, 0.6191,  ..., 0.8699, 0.7482, 0.4837],
         [0.2779, 0.4857, 0.7927,  ..., 0.6560, 0.6391, 0.4578]]],
       grad_fn=<ToCopyBackward0>)tensor([[[0., 0., 0.,  ..., 0., 0., 0.],
         [0., 0., 0.,  ..., 0., 0., 0.],
         [0., 0., 0.,  ..., 0., 0., 0.],
         ...,
         [0., 0., 0.,  ..., 0., 0., 0.],
         [0., 0., 0.,  ..., 0., 0., 0.],
         [0., 0., 0.,  ..., 0., 0., 0.]],

        [[0., 0., 0.,  ..., 0., 0., 0.],
         [0., 0., 0.,  ..., 0., 0., 0.],
         [0., 0., 0.,  ..., 0., 0., 0.],
         ...,
         [0., 0., 0.,  ..., 0., 0., 0.],
         [0., 0., 0.,  ..., 0., 0., 0.],
         [0., 0., 0.,  ..., 0., 0., 0.]],

        [[0., 0., 0.,  ..., 0., 0., 0.],
         [0., 0., 0.,  ..., 0., 0., 0.],
         [0., 0., 0.,  ..., 0., 0., 0.],
         ...,
         [0., 0., 0.,  ..., 0., 0., 0.],
         [0., 0., 0.,  ..., 0., 0., 0.],
         [0., 0., 0.,  ..., 0., 0., 0.]],

        [[0., 0., 0.,  ..., 0., 0., 0.],
         [0., 0., 0.,  ..., 0., 0., 0.],
         [0., 0., 0.,  ..., 0., 0., 0.],
         ...,
         [0., 0., 0.,  ..., 0., 0., 0.],
         [0., 0., 0.,  ..., 0., 0., 0.],
         [0., 0., 0.,  ..., 0., 0., 0.]],

        [[0., 0., 0.,  ..., 0., 0., 0.],
         [0., 0., 0.,  ..., 0., 0., 0.],
         [0., 0., 0.,  ..., 0., 0., 0.],
         ...,
         [0., 0., 0.,  ..., 0., 0., 0.],
         [0., 0., 0.,  ..., 0., 0., 0.],
         [0., 0., 0.,  ..., 0., 0., 0.]],

        [[0., 0., 0.,  ..., 0., 0., 0.],
         [0., 0., 0.,  ..., 0., 0., 0.],
         [0., 0., 0.,  ..., 0., 0., 0.],
         ...,
         [0., 0., 0.,  ..., 0., 0., 0.],
         [0., 0., 0.,  ..., 0., 0., 0.],
         [0., 0., 0.,  ..., 0., 0., 0.]]])tensor([[[0.4813, 0.1930, 0.0961,  ..., 0.1655, 0.2390, 0.1879],
         [0.6552, 0.3976, 0.1010,  ..., 0.1044, 0.2930, 0.1770],
         [0.7329, 0.5620, 0.2122,  ..., 0.5052, 0.8053, 0.1915],
         ...,
         [0.4980, 0.5654, 0.1674,  ..., 0.6614, 0.1862, 0.1956],
         [0.6213, 0.7839, 0.6380,  ..., 0.9401, 0.6176, 0.4507],
         [0.4313, 0.6572, 0.6047,  ..., 0.7325, 0.6784, 0.5523]],

        [[0.4038, 0.1263, 0.0594,  ..., 0.1835, 0.2136, 0.2519],
         [0.6851, 0.5813, 0.2318,  ..., 0.1590, 0.3957, 0.2498],
         [0.6529, 0.6842, 0.2327,  ..., 0.6773, 0.6869, 0.4539],
         ...,
         [0.2955, 0.6951, 0.0670,  ..., 0.5917, 0.5402, 0.5697],
         [0.5236, 0.7980, 0.7035,  ..., 0.8437, 0.8758, 0.7377],
         [0.4561, 0.5415, 0.7900,  ..., 0.7986, 0.4462, 0.4075]],

        [[0.4144, 0.2067, 0.1020,  ..., 0.3330, 0.2486, 0.2192],
         [0.6573, 0.5336, 0.1962,  ..., 0.1837, 0.2556, 0.1613],
         [0.6606, 0.5278, 0.4485,  ..., 0.5681, 0.7363, 0.2835],
         ...,
         [0.6537, 0.4271, 0.2473,  ..., 0.5519, 0.7449, 0.6320],
         [0.5469, 0.7372, 0.7672,  ..., 0.9211, 0.8688, 0.6673],
         [0.4533, 0.7575, 0.6686,  ..., 0.5747, 0.4967, 0.4061]],

        [[0.5716, 0.1141, 0.0375,  ..., 0.3038, 0.5035, 0.0645],
         [0.7544, 0.3312, 0.0962,  ..., 0.0342, 0.5626, 0.3081],
         [0.7645, 0.6068, 0.3448,  ..., 0.0155, 0.1269, 0.1696],
         ...,
         [0.4329, 0.6859, 0.1693,  ..., 0.3647, 0.7609, 0.6829],
         [0.5904, 0.8788, 0.8268,  ..., 0.8650, 0.8898, 0.6200],
         [0.4903, 0.4779, 0.8242,  ..., 0.6215, 0.4378, 0.3833]],

        [[0.5186, 0.1828, 0.0980,  ..., 0.2157, 0.2416, 0.3754],
         [0.7191, 0.4497, 0.2287,  ..., 0.1362, 0.3641, 0.3809],
         [0.7248, 0.7131, 0.4364,  ..., 0.9015, 0.8764, 0.5627],
         ...,
         [0.4542, 0.6009, 0.1929,  ..., 0.6389, 0.5200, 0.5103],
         [0.5267, 0.7882, 0.7816,  ..., 0.9180, 0.8413, 0.7444],
         [0.3926, 0.6107, 0.5617,  ..., 0.7296, 0.5418, 0.5061]],

        [[0.4038, 0.1281, 0.0573,  ..., 0.3321, 0.2986, 0.2982],
         [0.7063, 0.5924, 0.2410,  ..., 0.0898, 0.2946, 0.2328],
         [0.6989, 0.7068, 0.2099,  ..., 0.6940, 0.7753, 0.3580],
         ...,
         [0.6255, 0.5327, 0.2086,  ..., 0.3981, 0.5491, 0.2703],
         [0.5611, 0.7903, 0.7584,  ..., 0.8726, 0.7340, 0.3358],
         [0.2832, 0.6615, 0.5057,  ..., 0.6961, 0.6254, 0.5231]]],
       grad_fn=<ToCopyBackward0>)tensor([[[0., 0., 0.,  ..., 0., 0., 0.],
         [0., 0., 0.,  ..., 0., 0., 0.],
         [0., 0., 0.,  ..., 0., 0., 0.],
         ...,
         [0., 0., 0.,  ..., 0., 0., 0.],
         [0., 0., 0.,  ..., 0., 0., 0.],
         [0., 0., 0.,  ..., 0., 0., 0.]],

        [[0., 0., 0.,  ..., 0., 0., 0.],
         [0., 0., 0.,  ..., 0., 0., 0.],
         [0., 0., 0.,  ..., 0., 0., 0.],
         ...,
         [0., 0., 0.,  ..., 0., 0., 0.],
         [0., 0., 0.,  ..., 0., 0., 0.],
         [0., 0., 0.,  ..., 0., 0., 0.]],

        [[0., 0., 0.,  ..., 0., 0., 0.],
         [0., 0., 0.,  ..., 0., 0., 0.],
         [0., 0., 0.,  ..., 0., 0., 0.],
         ...,
         [0., 0., 0.,  ..., 0., 0., 0.],
         [0., 0., 0.,  ..., 0., 0., 0.],
         [0., 0., 0.,  ..., 0., 0., 0.]],

        [[0., 0., 0.,  ..., 0., 0., 0.],
         [0., 0., 0.,  ..., 0., 0., 0.],
         [0., 0., 0.,  ..., 0., 0., 0.],
         ...,
         [0., 0., 0.,  ..., 0., 0., 0.],
         [0., 0., 0.,  ..., 0., 0., 0.],
         [0., 0., 0.,  ..., 0., 0., 0.]],

        [[0., 0., 0.,  ..., 0., 0., 0.],
         [0., 0., 0.,  ..., 0., 0., 0.],
         [0., 0., 0.,  ..., 0., 0., 0.],
         ...,
         [0., 0., 0.,  ..., 0., 0., 0.],
         [0., 0., 0.,  ..., 0., 0., 0.],
         [0., 0., 0.,  ..., 0., 0., 0.]],

        [[0., 0., 0.,  ..., 0., 0., 0.],
         [0., 0., 0.,  ..., 0., 0., 0.],
         [0., 0., 0.,  ..., 0., 0., 0.],
         ...,
         [0., 0., 0.,  ..., 0., 0., 0.],
         [0., 0., 0.,  ..., 0., 0., 0.],
         [0., 0., 0.,  ..., 0., 0., 0.]]])tensor([[[5.4020e-01, 2.1044e-01, 5.6938e-02,  ..., 4.8322e-01,
          3.1675e-01, 3.8817e-01],
         [8.5899e-01, 5.5847e-01, 3.4464e-01,  ..., 1.5385e-01,
          2.8385e-01, 2.3614e-01],
         [6.8184e-01, 6.5504e-01, 3.8088e-01,  ..., 7.5470e-01,
          7.7748e-01, 3.6491e-01],
         ...,
         [5.1334e-01, 9.6116e-01, 9.6312e-01,  ..., 6.6503e-01,
          4.2465e-01, 3.0197e-01],
         [7.2783e-01, 9.4920e-01, 9.6887e-01,  ..., 8.7142e-01,
          6.0009e-01, 4.8031e-01],
         [8.0215e-01, 8.0177e-01, 8.4173e-01,  ..., 3.4617e-01,
          4.8258e-01, 5.1080e-01]],

        [[5.3937e-01, 1.8417e-01, 9.6366e-02,  ..., 2.3364e-01,
          6.4997e-01, 1.6408e-01],
         [6.9987e-01, 5.5416e-01, 6.0185e-02,  ..., 1.6495e-02,
          8.9467e-02, 4.2107e-02],
         [7.9187e-01, 6.6271e-01, 1.7728e-01,  ..., 2.6551e-02,
          1.2199e-01, 5.2664e-01],
         ...,
         [5.4220e-01, 5.6256e-01, 2.2668e-01,  ..., 5.5434e-01,
          4.5448e-01, 4.7892e-01],
         [6.0040e-01, 7.4758e-01, 8.4237e-01,  ..., 8.6190e-01,
          7.1160e-01, 5.8352e-01],
         [3.5166e-01, 6.9136e-01, 5.7597e-01,  ..., 6.0626e-01,
          5.7191e-01, 3.8906e-01]],

        [[4.9965e-01, 1.4375e-01, 7.0308e-02,  ..., 3.7048e-01,
          3.2527e-01, 3.1886e-01],
         [7.5229e-01, 4.4156e-01, 2.7745e-01,  ..., 9.6019e-02,
          2.5798e-01, 2.2383e-01],
         [8.1456e-01, 6.9557e-01, 4.0355e-01,  ..., 6.3726e-01,
          7.6334e-01, 3.5125e-01],
         ...,
         [4.9317e-01, 5.6305e-01, 1.2825e-01,  ..., 4.2907e-01,
          5.7331e-01, 3.7852e-01],
         [6.2207e-01, 8.7010e-01, 6.6423e-01,  ..., 7.4359e-01,
          9.3488e-01, 6.5404e-01],
         [5.3064e-01, 5.0672e-01, 8.2413e-01,  ..., 4.9137e-01,
          4.3395e-01, 2.5293e-01]],

        [[6.5975e-01, 1.7933e-01, 4.8109e-02,  ..., 3.0031e-01,
          2.4095e-01, 2.8907e-01],
         [6.8756e-01, 4.0567e-01, 8.4696e-02,  ..., 7.8753e-02,
          3.0643e-01, 2.3981e-01],
         [8.1122e-01, 7.0549e-01, 2.5094e-01,  ..., 6.1002e-01,
          8.3908e-01, 4.8214e-01],
         ...,
         [4.9254e-01, 5.9457e-01, 6.9645e-02,  ..., 4.3512e-01,
          5.3586e-01, 2.3129e-01],
         [6.4862e-01, 7.0702e-01, 7.0318e-01,  ..., 8.7724e-01,
          6.6486e-01, 3.8145e-01],
         [3.1998e-01, 7.6795e-01, 5.3715e-01,  ..., 8.2460e-01,
          6.1281e-01, 5.0133e-01]],

        [[6.3774e-01, 2.5993e-01, 4.9841e-02,  ..., 2.9475e-01,
          3.0244e-01, 2.6601e-01],
         [7.4079e-01, 3.8301e-01, 2.3446e-01,  ..., 2.6127e-01,
          3.6318e-01, 4.1140e-01],
         [4.6503e-01, 6.6980e-01, 4.4218e-01,  ..., 8.5998e-01,
          7.2384e-01, 3.1707e-01],
         ...,
         [5.4820e-01, 6.2206e-01, 3.7741e-02,  ..., 4.8450e-01,
          3.9572e-01, 2.6976e-01],
         [6.0605e-01, 7.5489e-01, 6.4950e-01,  ..., 8.8008e-01,
          6.2333e-01, 3.5956e-01],
         [3.1193e-01, 7.3366e-01, 4.8977e-01,  ..., 8.0215e-01,
          5.3272e-01, 4.9765e-01]],

        [[4.6094e-01, 1.9153e-01, 8.7302e-02,  ..., 6.9095e-02,
          3.7774e-01, 1.3754e-01],
         [7.4106e-01, 3.4342e-01, 6.6531e-02,  ..., 5.4109e-03,
          1.2339e-01, 2.9796e-01],
         [7.6822e-01, 6.5835e-01, 1.5757e-01,  ..., 9.5667e-04,
          6.1311e-02, 5.9900e-01],
         ...,
         [7.4351e-01, 7.8196e-01, 2.7624e-01,  ..., 4.3111e-01,
          5.7574e-01, 4.1963e-01],
         [6.4711e-01, 9.6259e-01, 9.3620e-01,  ..., 7.6741e-01,
          8.6632e-01, 6.4362e-01],
         [5.1624e-01, 8.7814e-01, 9.2417e-01,  ..., 6.1927e-01,
          4.9294e-01, 4.2672e-01]]], grad_fn=<ToCopyBackward0>)tensor([[[0., 0., 0.,  ..., 0., 0., 0.],
         [0., 0., 0.,  ..., 0., 0., 0.],
         [0., 0., 0.,  ..., 0., 0., 0.],
         ...,
         [0., 0., 0.,  ..., 0., 0., 0.],
         [0., 0., 0.,  ..., 0., 0., 0.],
         [0., 0., 0.,  ..., 0., 0., 0.]],

        [[0., 0., 0.,  ..., 0., 0., 0.],
         [0., 0., 0.,  ..., 0., 0., 0.],
         [0., 0., 0.,  ..., 0., 0., 0.],
         ...,
         [0., 0., 0.,  ..., 0., 0., 0.],
         [0., 0., 0.,  ..., 0., 0., 0.],
         [0., 0., 0.,  ..., 0., 0., 0.]],

        [[0., 0., 0.,  ..., 0., 0., 0.],
         [0., 0., 0.,  ..., 0., 0., 0.],
         [0., 0., 0.,  ..., 0., 0., 0.],
         ...,
         [0., 0., 0.,  ..., 0., 0., 0.],
         [0., 0., 0.,  ..., 0., 0., 0.],
         [0., 0., 0.,  ..., 0., 0., 0.]],

        [[0., 0., 0.,  ..., 0., 0., 0.],
         [0., 0., 0.,  ..., 0., 0., 0.],
         [0., 0., 0.,  ..., 0., 0., 0.],
         ...,
         [0., 0., 0.,  ..., 0., 0., 0.],
         [0., 0., 0.,  ..., 0., 0., 0.],
         [0., 0., 0.,  ..., 0., 0., 0.]],

        [[0., 0., 0.,  ..., 0., 0., 0.],
         [0., 0., 0.,  ..., 0., 0., 0.],
         [0., 0., 0.,  ..., 0., 0., 0.],
         ...,
         [0., 0., 0.,  ..., 0., 0., 0.],
         [0., 0., 0.,  ..., 0., 0., 0.],
         [0., 0., 0.,  ..., 0., 0., 0.]],

        [[0., 0., 0.,  ..., 0., 0., 0.],
         [0., 0., 0.,  ..., 0., 0., 0.],
         [0., 0., 0.,  ..., 0., 0., 0.],
         ...,
         [0., 0., 0.,  ..., 0., 0., 0.],
         [0., 0., 0.,  ..., 0., 0., 0.],
         [0., 0., 0.,  ..., 0., 0., 0.]]])